# Number of residues in sequence
N: 92

# Index of residue 1, Index of residue 2, Distance between residues (in A)
0, 1, 1.3283
0, 2, 3.5510
0, 3, 7.1788
0, 4, 9.1295
0, 5, 7.0669
0, 6, 8.7760
0, 7, 11.3955
0, 37, 9.3517
0, 38, 10.8871
0, 41, 9.7551
1, 2, 1.3257
1, 3, 4.5414
1, 4, 5.3692
1, 5, 3.6796
1, 6, 5.8268
1, 7, 8.2174
1, 8, 9.1042
1, 9, 9.2052
1, 10, 11.4910
1, 34, 10.6043
1, 37, 9.7483
1, 38, 10.7682
1, 41, 11.2769
2, 3, 1.3258
2, 4, 3.4327
2, 5, 3.5580
2, 6, 3.3621
2, 7, 5.4680
2, 8, 7.3146
2, 9, 8.2177
2, 10, 9.3234
2, 11, 11.2803
2, 30, 10.7108
2, 31, 11.9924
2, 33, 10.8027
2, 34, 7.1916
2, 35, 10.8139
2, 37, 7.3987
2, 38, 7.8443
2, 39, 11.9831
2, 41, 10.1849
3, 4, 1.3309
3, 5, 3.2187
3, 6, 3.0401
3, 7, 2.8458
3, 8, 4.9915
3, 9, 6.8127
3, 10, 7.3308
3, 11, 8.7275
3, 12, 10.8257
3, 14, 11.3679
3, 26, 11.9709
3, 27, 10.4988
3, 28, 11.3499
3, 29, 10.9763
3, 30, 7.5626
3, 31, 7.3068
3, 32, 9.3823
3, 33, 8.2543
3, 34, 3.4379
3, 35, 6.2885
3, 36, 8.6404
3, 37, 7.6199
3, 38, 4.3716
3, 39, 8.3086
3, 40, 10.9414
3, 41, 10.4684
3, 42, 11.5418
3, 51, 11.2798
4, 5, 1.3304
4, 6, 3.2065
4, 7, 3.1316
4, 8, 2.9378
4, 9, 5.0993
4, 10, 6.7415
4, 11, 7.1576
4, 12, 9.1066
4, 13, 10.9326
4, 14, 11.4710
4, 23, 11.5056
4, 26, 11.8012
4, 27, 11.1498
4, 30, 8.5813
4, 31, 10.2270
4, 33, 10.9767
4, 34, 6.6237
4, 35, 10.5037
4, 37, 9.4829
4, 38, 8.7241
5, 6, 1.3314
5, 7, 3.2846
5, 8, 3.3187
5, 9, 3.1425
5, 10, 5.1763
5, 11, 7.1132
5, 12, 8.1090
5, 13, 9.2045
5, 14, 10.9415
5, 30, 9.4114
5, 31, 11.4021
5, 33, 10.3643
5, 34, 8.0514
5, 35, 11.6489
5, 37, 8.3875
5, 38, 10.2564
6, 7, 1.3311
6, 8, 3.1627
6, 9, 3.1123
6, 10, 2.8115
6, 11, 4.9897
6, 12, 6.8198
6, 13, 6.1916
6, 14, 7.5109
6, 15, 10.4092
6, 16, 11.5927
6, 17, 11.5316
6, 23, 11.9147
6, 26, 9.7509
6, 27, 9.6565
6, 28, 9.8154
6, 29, 7.1041
6, 30, 4.9622
6, 31, 6.9447
6, 32, 6.9533
6, 33, 3.3420
6, 34, 3.5768
6, 35, 5.9111
6, 36, 6.3975
6, 37, 3.4842
6, 38, 6.1422
6, 39, 9.0702
6, 40, 9.6978
6, 41, 7.9473
6, 48, 11.9209
6, 51, 11.3835
6, 52, 11.0540
6, 55, 8.8368
6, 86, 11.5145
7, 8, 1.3297
7, 9, 3.3005
7, 10, 3.2451
7, 11, 2.8537
7, 12, 5.0053
7, 13, 6.8860
7, 14, 6.8534
7, 15, 8.2478
7, 16, 10.7478
7, 23, 8.4557
7, 24, 11.4039
7, 25, 10.8591
7, 26, 7.4038
7, 27, 6.8539
7, 28, 8.2991
7, 29, 8.1843
7, 30, 4.5146
7, 31, 4.4692
7, 32, 7.0965
7, 33, 7.3518
7, 34, 3.7420
7, 35, 6.7119
7, 36, 9.5091
7, 37, 7.5019
7, 38, 7.7375
7, 39, 11.4691
7, 41, 11.8927
7, 55, 11.9901
8, 9, 1.3304
8, 10, 3.1595
8, 11, 3.1939
8, 12, 3.1199
8, 13, 5.1267
8, 14, 6.9756
8, 15, 7.4303
8, 16, 9.0081
8, 17, 11.0541
8, 23, 9.0880
8, 26, 8.1089
8, 27, 9.7576
8, 28, 11.6829
8, 29, 10.2582
8, 30, 6.6113
8, 31, 9.0930
8, 32, 11.3857
8, 33, 9.1881
8, 34, 8.0678
8, 35, 11.2827
8, 37, 9.9234
8, 38, 11.4441
9, 10, 1.3349
9, 11, 3.4095
9, 12, 3.3412
9, 13, 2.9480
9, 14, 4.9400
9, 15, 6.7791
9, 16, 6.8195
9, 17, 6.9589
9, 18, 10.5298
9, 23, 10.9995
9, 26, 8.4414
9, 27, 10.8851
9, 29, 9.1695
9, 30, 6.6974
9, 31, 10.1067
9, 32, 10.4424
9, 33, 4.7615
9, 34, 8.3816
9, 35, 10.7701
9, 36, 9.0745
9, 37, 7.1563
9, 38, 10.5808
9, 41, 11.1176
9, 52, 11.4510
9, 55, 10.2777
9, 82, 11.9743
9, 85, 10.8812
9, 86, 8.6528
9, 87, 10.8516
9, 88, 11.4386
9, 90, 10.6061
10, 11, 1.3312
10, 12, 3.1798
10, 13, 3.2959
10, 14, 2.8059
10, 15, 4.4770
10, 16, 6.6122
10, 17, 7.5889
10, 18, 7.8725
10, 19, 10.2101
10, 21, 10.6076
10, 22, 10.4845
10, 23, 9.0498
10, 24, 11.3253
10, 25, 9.1234
10, 26, 5.3262
10, 27, 7.8747
10, 28, 8.9181
10, 29, 6.2135
10, 30, 3.9485
10, 31, 6.5877
10, 32, 8.1579
10, 33, 4.3703
10, 34, 6.0483
10, 35, 8.6962
10, 36, 8.9600
10, 37, 7.9716
10, 38, 10.3322
10, 55, 9.3995
10, 59, 10.9434
10, 66, 11.0402
10, 85, 11.9715
10, 86, 11.5195
10, 90, 10.2715
11, 12, 1.3271
11, 13, 3.4109
11, 14, 3.5665
11, 15, 2.6590
11, 16, 4.8751
11, 17, 6.8021
11, 18, 7.5640
11, 19, 8.4833
11, 20, 10.5241
11, 21, 9.2065
11, 22, 8.7162
11, 23, 4.7456
11, 24, 9.1200
11, 25, 8.9670
11, 26, 4.2150
11, 27, 5.9973
11, 28, 8.1405
11, 29, 7.4651
11, 30, 3.6886
11, 31, 7.5133
11, 32, 10.0187
11, 33, 6.7929
11, 34, 8.7785
11, 35, 11.3911
11, 36, 11.8595
11, 37, 10.9733
11, 55, 11.5555
11, 66, 11.1572
11, 90, 10.0060
12, 13, 1.3275
12, 14, 3.3958
12, 15, 3.4269
12, 16, 3.1330
12, 17, 5.1203
12, 18, 7.0535
12, 19, 8.1263
12, 20, 10.6597
12, 21, 10.7047
12, 22, 11.0058
12, 23, 8.2836
12, 25, 10.9470
12, 26, 6.1100
12, 27, 9.0287
12, 28, 11.1748
12, 29, 9.7378
12, 30, 6.0521
12, 31, 10.4736
12, 33, 8.6790
12, 34, 11.4362
12, 66, 11.8425
12, 88, 11.4521
12, 89, 11.5620
12, 90, 7.6282
12, 91, 10.5941
13, 14, 1.3301
13, 15, 3.2738
13, 16, 3.4232
13, 17, 3.1395
13, 18, 5.1158
13, 19, 7.2855
13, 20, 10.0841
13, 21, 9.9125
13, 22, 11.2827
13, 23, 10.7471
13, 25, 10.7434
13, 26, 7.0300
13, 27, 10.2665
13, 28, 11.0878
13, 29, 7.5622
13, 30, 7.3387
13, 31, 10.1751
13, 32, 8.9810
13, 33, 3.1448
13, 34, 8.2352
13, 35, 10.5565
13, 36, 7.4349
13, 37, 8.1701
13, 38, 11.1135
13, 40, 11.3788
13, 51, 11.7133
13, 52, 9.3310
13, 55, 7.2456
13, 56, 10.8762
13, 59, 7.5273
13, 66, 9.2944
13, 67, 10.2327
13, 70, 9.1725
13, 81, 10.6577
13, 82, 8.1436
13, 83, 9.1035
13, 84, 9.0741
13, 85, 5.8274
13, 86, 5.2097
13, 87, 7.0325
13, 88, 6.7862
13, 89, 8.8007
13, 90, 5.3482
13, 91, 8.4584
14, 15, 1.3281
14, 16, 3.3364
14, 17, 3.2787
14, 18, 2.7263
14, 19, 4.7004
14, 20, 7.1094
14, 21, 6.3136
14, 22, 8.1365
14, 23, 8.4310
14, 24, 9.0884
14, 25, 6.2623
14, 26, 4.0197
14, 27, 6.2048
14, 28, 6.3681
14, 29, 3.7706
14, 30, 3.4133
14, 31, 6.1058
14, 32, 7.2503
14, 33, 4.0818
14, 34, 7.2288
14, 35, 9.8166
14, 36, 9.0904
14, 37, 10.2519
14, 52, 11.6981
14, 55, 7.0342
14, 56, 10.6024
14, 58, 9.6959
14, 59, 6.5696
14, 60, 11.8639
14, 62, 11.8155
14, 63, 11.3991
14, 65, 9.1394
14, 66, 6.8144
14, 67, 7.8507
14, 68, 10.7473
14, 69, 10.8298
14, 70, 9.6459
14, 82, 10.3111
14, 83, 11.9957
14, 84, 11.5600
14, 85, 7.8049
14, 86, 8.4328
14, 87, 10.1591
14, 88, 8.5012
14, 89, 8.8560
14, 90, 6.6995
14, 91, 7.5246
15, 16, 1.3286
15, 17, 3.2164
15, 18, 3.5271
15, 19, 3.1742
15, 20, 5.6309
15, 21, 6.7429
15, 22, 7.0075
15, 23, 6.0494
15, 24, 8.7621
15, 25, 8.1372
15, 26, 3.6726
15, 27, 7.0621
15, 28, 9.6852
15, 29, 7.7153
15, 30, 6.7026
15, 31, 11.0161
15, 33, 8.6934
15, 59, 11.0752
15, 65, 10.2852
15, 66, 7.8245
15, 67, 9.0089
15, 68, 11.2384
15, 69, 11.0969
15, 85, 11.4454
15, 86, 11.6795
15, 88, 10.4740
15, 89, 9.4857
15, 90, 6.6370
15, 91, 6.8430
16, 17, 1.3317
16, 18, 3.4975
16, 19, 3.3469
16, 20, 6.9490
16, 21, 8.6746
16, 22, 10.0955
16, 23, 10.5079
16, 25, 11.0385
16, 26, 7.0799
16, 27, 10.7786
16, 29, 9.9541
16, 30, 9.5598
16, 33, 10.7191
16, 65, 11.8435
16, 66, 8.4233
16, 67, 7.9888
16, 68, 10.4242
16, 69, 8.6098
16, 70, 11.1812
16, 85, 10.5423
16, 86, 10.5755
16, 87, 11.0763
16, 88, 7.9240
16, 89, 6.5659
16, 90, 3.4887
16, 91, 4.5462
17, 18, 1.3272
17, 19, 3.1935
17, 20, 6.1760
17, 21, 7.2265
17, 22, 10.0962
17, 23, 11.7445
17, 25, 10.5006
17, 26, 7.8013
17, 27, 11.7812
17, 29, 8.2749
17, 30, 10.3863
17, 33, 8.8390
17, 52, 11.0411
17, 55, 11.4179
17, 59, 8.7033
17, 62, 11.3460
17, 63, 9.6497
17, 64, 11.4886
17, 65, 9.4820
17, 66, 5.5027
17, 67, 4.5121
17, 68, 7.2142
17, 69, 6.1990
17, 70, 6.9745
17, 71, 11.4617
17, 73, 10.5541
17, 74, 11.9460
17, 80, 11.7802
17, 81, 9.8927
17, 82, 8.0906
17, 83, 7.5103
17, 84, 6.3536
17, 85, 4.0043
17, 86, 2.9916
17, 87, 4.0502
17, 88, 2.7724
17, 89, 3.9523
17, 90, 3.0091
17, 91, 2.8466
18, 19, 1.3378
18, 20, 3.1834
18, 21, 3.1066
18, 22, 5.6420
18, 23, 7.3944
18, 24, 9.3482
18, 25, 7.0613
18, 26, 4.5565
18, 27, 8.8847
18, 28, 9.4111
18, 29, 4.0902
18, 30, 8.3630
18, 31, 11.0530
18, 32, 10.3372
18, 33, 7.8235
18, 34, 11.8888
18, 36, 11.6421
18, 52, 11.6524
18, 55, 7.9257
18, 56, 9.3337
18, 57, 11.1327
18, 58, 8.8823
18, 59, 5.0864
18, 60, 8.7154
18, 61, 11.0268
18, 62, 8.5656
18, 63, 7.5739
18, 64, 9.3780
18, 65, 6.2429
18, 66, 3.3682
18, 67, 3.4579
18, 68, 6.6192
18, 69, 6.7177
18, 70, 4.4987
18, 71, 9.4217
18, 72, 11.6471
18, 73, 10.3107
18, 74, 9.0072
18, 81, 9.7792
18, 82, 9.0891
18, 83, 10.3830
18, 84, 8.5001
18, 85, 4.7496
18, 86, 7.1711
18, 87, 8.3129
18, 88, 4.2610
18, 89, 5.8708
18, 90, 5.5626
18, 91, 4.7190
19, 20, 1.3286
19, 21, 3.2735
19, 22, 5.7565
19, 23, 7.2445
19, 24, 9.8706
19, 25, 9.1780
19, 26, 6.5411
19, 27, 10.9563
19, 29, 9.0271
19, 30, 11.7374
19, 59, 11.8213
19, 62, 11.4544
19, 63, 9.9354
19, 64, 9.7029
19, 65, 7.7243
19, 66, 5.2334
19, 67, 6.1595
19, 68, 8.0216
19, 69, 7.8654
19, 70, 10.1262
19, 85, 11.4937
19, 88, 9.0739
19, 89, 7.2214
19, 90, 5.1681
19, 91, 3.4760
20, 21, 1.3289
20, 22, 3.6636
20, 23, 6.7546
20, 24, 8.9270
20, 25, 7.2433
20, 26, 6.8745
20, 27, 10.6730
20, 29, 9.3531
20, 58, 11.9585
20, 62, 9.3380
20, 63, 7.7026
20, 64, 6.4586
20, 65, 5.1509
20, 66, 4.8709
20, 67, 5.9448
20, 68, 4.4993
20, 69, 6.2621
20, 70, 10.0348
20, 88, 11.2510
20, 89, 9.4082
20, 90, 7.4829
20, 91, 3.1445
21, 22, 1.3288
21, 23, 3.9091
21, 24, 6.1790
21, 25, 4.3216
21, 26, 4.2263
21, 27, 7.6206
21, 28, 9.0370
21, 29, 5.7232
21, 30, 9.9048
21, 55, 11.7753
21, 58, 9.0384
21, 59, 9.6446
21, 60, 11.8676
21, 62, 7.5093
21, 63, 7.3998
21, 64, 6.7897
21, 65, 3.3452
21, 66, 3.8497
21, 67, 5.7335
21, 68, 8.0954
21, 69, 10.3319
21, 70, 8.9254
21, 85, 11.8117
21, 88, 11.4355
21, 89, 11.4388
21, 90, 10.0814
21, 91, 6.2386
22, 23, 1.3272
22, 24, 3.2270
22, 25, 3.0711
22, 26, 3.0436
22, 27, 5.0325
22, 28, 6.8135
22, 29, 7.0306
22, 30, 8.7964
22, 31, 10.9197
22, 58, 9.1120
22, 59, 11.7761
22, 62, 9.0877
22, 63, 9.2940
22, 64, 7.7849
22, 65, 4.5218
22, 66, 6.5659
22, 67, 8.3467
22, 68, 11.0308
22, 70, 11.8675
22, 91, 9.6837
23, 24, 1.3294
23, 25, 3.1135
23, 26, 3.1233
23, 27, 2.7408
23, 28, 4.8138
23, 29, 6.6354
23, 30, 6.8204
23, 31, 8.7728
23, 32, 10.7327
23, 33, 11.9421
23, 58, 9.7583
23, 64, 11.3309
23, 65, 7.7534
23, 66, 9.6671
23, 67, 11.5787
24, 25, 1.3287
24, 26, 3.3841
24, 27, 3.5334
24, 28, 3.0000
24, 29, 5.1295
24, 30, 6.9743
24, 31, 7.5326
24, 32, 8.7321
24, 33, 10.8589
24, 55, 10.9388
24, 58, 6.8908
24, 59, 11.3572
24, 62, 10.4377
24, 64, 11.8390
24, 65, 7.8288
24, 66, 8.7918
25, 26, 1.3271
25, 27, 3.1847
25, 28, 3.2220
25, 29, 2.8911
25, 30, 4.9817
25, 31, 6.8584
25, 32, 6.9551
25, 33, 8.6782
25, 34, 10.5684
25, 54, 10.3298
25, 55, 7.7496
25, 56, 10.0421
25, 57, 9.4665
25, 58, 2.5334
25, 59, 6.5730
25, 60, 8.6028
25, 61, 8.0512
25, 62, 4.8183
25, 63, 7.5421
25, 64, 7.6676
25, 65, 3.6920
25, 66, 3.9084
25, 67, 7.5313
25, 68, 11.0820
25, 70, 9.2010
25, 74, 11.8784
25, 85, 11.3812
25, 91, 11.1219
26, 27, 1.3299
26, 28, 3.2542
26, 29, 3.1716
26, 30, 2.7898
26, 31, 4.9913
26, 32, 6.8106
26, 33, 7.2972
26, 34, 8.5487
26, 35, 10.6814
26, 36, 11.4516
26, 55, 8.6978
26, 58, 7.6395
26, 59, 9.4290
26, 62, 9.7617
26, 63, 11.1421
26, 64, 11.0055
26, 65, 6.5623
26, 66, 6.9802
26, 67, 9.3589
26, 70, 11.5069
26, 90, 11.5341
26, 91, 10.6093
27, 28, 1.3288
27, 29, 3.2531
27, 30, 2.5731
27, 31, 3.0482
27, 32, 5.1781
27, 33, 6.8785
27, 34, 7.2801
27, 35, 9.1673
27, 36, 11.0694
27, 55, 9.1523
27, 58, 8.5751
27, 59, 10.8506
27, 65, 9.2473
27, 66, 9.3244
28, 29, 1.3283
28, 30, 3.2550
28, 31, 3.1935
28, 32, 2.8788
28, 33, 5.0326
28, 34, 6.8196
28, 35, 7.8732
28, 36, 8.9037
28, 37, 10.9017
28, 50, 11.9719
28, 51, 10.0269
28, 52, 11.2204
28, 53, 11.0573
28, 54, 7.7221
28, 55, 5.9968
28, 56, 9.2685
28, 57, 8.6729
28, 58, 3.2359
28, 59, 6.9880
28, 60, 9.6505
28, 61, 9.1791
28, 62, 6.5745
28, 63, 10.7629
28, 65, 8.5807
28, 66, 7.1567
29, 30, 1.3324
29, 31, 3.2280
29, 32, 3.3350
29, 33, 2.7672
29, 34, 4.7251
29, 35, 6.7060
29, 36, 6.8442
29, 37, 8.5459
29, 38, 10.4133
29, 51, 9.4689
29, 52, 9.7865
29, 53, 10.6950
29, 54, 8.2549
29, 55, 3.9728
29, 56, 7.6615
29, 57, 8.5740
29, 58, 3.8687
29, 59, 3.9457
29, 60, 7.8591
29, 61, 9.3672
29, 62, 7.2560
29, 63, 8.9658
29, 64, 10.0036
29, 65, 6.3678
29, 66, 4.2141
29, 67, 7.5639
29, 68, 10.9805
29, 70, 7.6824
29, 74, 10.8712
29, 82, 11.3888
29, 85, 8.3365
29, 86, 11.2311
29, 88, 10.0264
29, 91, 10.8888
30, 31, 1.3271
30, 32, 3.3181
30, 33, 3.4403
30, 34, 2.8487
30, 35, 4.9382
30, 36, 6.8987
30, 37, 7.4737
30, 38, 8.2541
30, 39, 10.5995
30, 51, 10.9755
30, 54, 11.9094
30, 55, 7.0320
30, 56, 11.3996
30, 58, 8.3874
30, 59, 8.6061
30, 65, 11.2438
30, 66, 9.4964
30, 85, 11.8810
31, 32, 1.3245
31, 33, 3.3121
31, 34, 2.6196
31, 35, 3.1266
31, 36, 5.2736
31, 37, 7.0917
31, 38, 7.3897
31, 39, 8.6714
31, 40, 10.8169
31, 51, 8.7820
31, 52, 10.6687
31, 54, 10.6333
31, 55, 6.9739
31, 56, 11.2612
31, 58, 9.5087
31, 59, 10.3848
31, 66, 11.5249
32, 33, 1.3269
32, 34, 3.2355
32, 35, 3.1965
32, 36, 2.9814
32, 37, 5.0647
32, 38, 6.8749
32, 39, 7.5034
32, 40, 8.4564
32, 41, 10.6434
32, 47, 9.6527
32, 48, 8.9727
32, 49, 10.7394
32, 50, 9.1341
32, 51, 6.1214
32, 52, 7.3288
32, 53, 9.3195
32, 54, 6.5453
32, 55, 3.8469
32, 56, 7.7533
32, 57, 8.5667
32, 58, 4.5322
32, 59, 6.9828
32, 60, 9.9247
32, 61, 10.1592
32, 62, 8.4415
32, 65, 10.8231
32, 66, 8.3917
32, 82, 10.7113
32, 85, 11.2841
33, 34, 1.3273
33, 35, 3.1848
33, 36, 2.7853
33, 37, 2.8408
33, 38, 4.7359
33, 39, 6.7228
33, 40, 7.4319
33, 41, 8.5483
33, 42, 10.6813
33, 47, 10.5792
33, 48, 9.3632
33, 49, 11.4948
33, 50, 10.8538
33, 51, 7.6175
33, 52, 8.1188
33, 53, 10.3627
33, 54, 9.0396
33, 55, 4.0417
33, 56, 8.8973
33, 57, 11.2392
33, 58, 8.7838
33, 59, 7.7617
33, 66, 10.9245
33, 82, 9.7818
33, 83, 11.5466
33, 85, 9.3647
33, 86, 8.7497
33, 87, 10.9918
33, 88, 11.0978
34, 35, 1.3295
34, 36, 3.3598
34, 37, 3.4339
34, 38, 2.8375
34, 39, 4.8206
34, 40, 6.7380
34, 41, 7.6062
34, 42, 9.0140
34, 43, 11.1405
34, 47, 10.5387
34, 48, 10.0595
34, 50, 11.8361
34, 51, 7.1938
34, 52, 9.8991
34, 54, 11.3339
34, 55, 6.3940
34, 56, 11.2871
34, 58, 11.5075
34, 59, 10.4822
35, 36, 1.3325
35, 37, 3.2971
35, 38, 3.3809
35, 39, 2.9111
35, 40, 4.6698
35, 41, 6.5951
35, 42, 7.6889
35, 43, 9.3129
35, 44, 9.6885
35, 45, 10.8928
35, 46, 10.2746
35, 47, 7.2769
35, 48, 7.3109
35, 49, 9.3498
35, 50, 8.0023
35, 51, 3.8855
35, 52, 7.5491
35, 53, 10.1644
35, 54, 6.6963
35, 55, 7.3854
35, 56, 11.0804
35, 58, 11.0954
35, 59, 11.9198
36, 37, 1.3312
36, 38, 3.3176
36, 39, 3.4128
36, 40, 2.7678
36, 41, 4.6275
36, 42, 6.6222
36, 43, 7.7919
36, 44, 8.0793
36, 45, 8.9775
36, 46, 9.4688
36, 47, 6.6967
36, 48, 5.0484
36, 49, 7.4880
36, 50, 6.7241
36, 51, 3.6618
36, 52, 4.2864
36, 53, 6.5248
36, 54, 6.6594
36, 55, 4.0204
36, 56, 6.9982
36, 57, 9.4038
36, 58, 9.3970
36, 59, 8.6240
36, 81, 11.5540
36, 82, 8.1616
36, 83, 10.7032
36, 85, 10.7862
36, 86, 9.6938
37, 38, 1.3278
37, 39, 3.3768
37, 40, 3.4708
37, 41, 2.9529
37, 42, 5.0841
37, 43, 7.0007
37, 44, 9.0871
37, 45, 10.9458
37, 46, 11.5210
37, 47, 8.6473
37, 48, 6.9272
37, 49, 9.4596
37, 50, 9.9410
37, 51, 6.0488
37, 52, 6.8489
37, 53, 10.1324
37, 54, 10.9410
37, 55, 7.2283
37, 56, 11.0871
37, 59, 11.7667
37, 82, 10.7620
37, 86, 11.4586
38, 39, 1.3284
38, 40, 3.3635
38, 41, 3.3116
38, 42, 3.2346
38, 43, 5.6351
38, 44, 7.7271
38, 45, 10.4294
38, 46, 11.2533
38, 47, 8.4885
38, 48, 7.7539
38, 49, 10.2505
38, 50, 11.4533
38, 51, 6.3034
38, 52, 9.1806
38, 55, 9.8638
39, 40, 1.3294
39, 41, 3.1436
39, 42, 3.0053
39, 43, 3.5184
39, 44, 4.5333
39, 45, 6.9260
39, 46, 7.6613
39, 47, 4.6930
39, 48, 4.8446
39, 49, 7.5284
39, 50, 7.0461
39, 51, 2.2391
39, 52, 7.4956
39, 53, 9.8652
39, 54, 7.6804
39, 55, 10.0162
40, 41, 1.3273
40, 42, 3.1261
40, 43, 3.0050
40, 44, 4.8931
40, 45, 6.4412
40, 46, 7.6757
40, 47, 5.6781
40, 48, 2.0303
40, 49, 5.1075
40, 50, 7.1297
40, 51, 5.1555
40, 52, 4.1661
40, 53, 7.9823
40, 54, 9.8105
40, 55, 9.1164
40, 56, 10.8782
40, 82, 8.5230
40, 83, 10.8322
40, 86, 11.2954
41, 42, 1.3278
41, 43, 2.9915
41, 44, 5.9223
41, 45, 8.6870
41, 46, 10.4900
41, 47, 8.3914
41, 48, 5.9570
41, 49, 9.1179
41, 50, 11.2739
41, 51, 7.8364
41, 52, 8.9285
42, 43, 1.3347
42, 44, 3.7040
42, 45, 7.0333
42, 46, 9.2260
42, 47, 6.1297
42, 48, 7.1712
42, 49, 10.1483
42, 50, 11.9648
42, 51, 8.2964
42, 52, 11.0629
43, 44, 1.3243
43, 45, 3.3079
43, 46, 6.2708
43, 47, 6.6312
43, 48, 5.7872
43, 49, 8.1659
43, 50, 10.4641
43, 51, 9.1952
43, 52, 10.6178
44, 45, 1.3281
44, 46, 3.3736
44, 47, 2.3560
44, 48, 2.9892
44, 49, 4.7957
44, 50, 6.8100
44, 51, 7.4648
44, 52, 8.4940
44, 53, 10.5647
44, 54, 11.8848
45, 46, 1.3287
45, 47, 3.4100
45, 48, 3.2503
45, 49, 2.7622
45, 50, 4.8264
45, 51, 6.6838
45, 52, 7.0772
45, 53, 8.5619
45, 54, 10.4251
45, 78, 9.9897
45, 79, 8.2076
45, 80, 11.9866
45, 82, 10.0979
45, 83, 11.9887
46, 47, 1.3286
46, 48, 3.1988
46, 49, 3.2905
46, 50, 2.8647
46, 51, 4.7377
46, 52, 6.7227
46, 53, 7.4197
46, 54, 8.0958
46, 55, 10.5856
46, 78, 9.1221
46, 79, 10.1339
46, 82, 10.7542
47, 48, 1.3278
47, 49, 3.4000
47, 50, 3.4789
47, 51, 3.0280
47, 52, 5.0660
47, 53, 6.8893
47, 54, 6.8453
47, 55, 8.9897
47, 56, 10.8617
47, 78, 10.4464
47, 82, 10.3817
48, 49, 1.3300
48, 50, 3.2840
48, 51, 3.2539
48, 52, 2.9215
48, 53, 4.8371
48, 54, 6.7004
48, 55, 7.7462
48, 56, 8.8390
48, 57, 10.5746
48, 78, 8.8439
48, 79, 9.9679
48, 80, 11.7069
48, 81, 10.9278
48, 82, 7.0804
48, 83, 9.8866
48, 86, 11.5539
49, 50, 1.3280
49, 51, 3.3025
49, 52, 3.4502
49, 53, 2.8400
49, 54, 4.8156
49, 55, 6.8691
49, 56, 7.5735
49, 57, 8.5749
49, 58, 10.5838
49, 59, 11.9307
49, 77, 10.2113
49, 78, 5.4956
49, 79, 7.4154
49, 80, 9.3899
49, 81, 9.0161
49, 82, 6.2835
49, 83, 9.1059
49, 84, 11.7321
49, 85, 11.0820
50, 51, 1.3290
50, 52, 3.3395
50, 53, 3.4310
50, 54, 2.8361
50, 55, 4.9428
50, 56, 6.8720
50, 57, 7.4556
50, 58, 8.7183
50, 59, 10.7319
50, 61, 11.7630
50, 78, 6.7862
50, 79, 9.8177
50, 80, 11.3844
50, 81, 10.3028
50, 82, 8.3906
50, 83, 11.2391
50, 85, 11.4789
51, 52, 1.3295
51, 53, 3.2713
51, 54, 3.2680
51, 55, 3.0088
51, 56, 5.0121
51, 57, 6.7820
51, 58, 7.6844
51, 59, 8.5727
51, 60, 10.7785
51, 61, 11.6510
51, 78, 8.5400
51, 79, 10.9663
51, 80, 11.9248
51, 81, 9.9360
51, 82, 6.9562
51, 83, 10.0632
51, 85, 9.7254
51, 86, 11.5735
52, 53, 1.3300
52, 54, 3.2404
52, 55, 3.3106
52, 56, 2.8891
52, 57, 4.8230
52, 58, 6.7653
52, 59, 6.9794
52, 60, 8.5683
52, 61, 10.7015
52, 66, 11.5459
52, 70, 11.3687
52, 73, 10.3946
52, 74, 10.2955
52, 76, 10.9640
52, 77, 9.6003
52, 78, 6.7985
52, 79, 6.5601
52, 80, 6.8179
52, 81, 6.4500
52, 82, 2.9145
52, 83, 3.6354
52, 84, 6.0998
52, 85, 6.7203
52, 86, 5.3208
52, 87, 8.1112
52, 88, 10.5513
53, 54, 1.3331
53, 55, 3.3379
53, 56, 3.4779
53, 57, 2.8932
53, 58, 4.9608
53, 59, 6.9108
53, 60, 7.5412
53, 61, 8.2864
53, 62, 10.5298
53, 63, 11.9338
53, 66, 11.5547
53, 70, 11.9675
53, 73, 9.9387
53, 74, 9.5341
53, 75, 11.5077
53, 76, 9.5721
53, 77, 8.4535
53, 78, 3.8350
53, 79, 7.0206
53, 80, 8.5522
53, 81, 6.0567
53, 82, 5.0100
53, 83, 7.9559
53, 84, 10.4091
53, 85, 7.3975
53, 86, 10.7972
54, 55, 1.3295
54, 56, 3.3620
54, 57, 3.2815
54, 58, 2.8956
54, 59, 5.0536
54, 60, 6.8753
54, 61, 6.6516
54, 62, 8.0091
54, 63, 11.1921
54, 66, 9.5038
54, 70, 11.3853
54, 73, 11.8026
54, 74, 10.0211
54, 76, 11.6578
54, 77, 10.6004
54, 78, 6.8213
54, 79, 9.7769
54, 80, 10.8122
54, 81, 8.2559
54, 82, 7.0755
54, 83, 10.1182
54, 85, 8.1809
55, 56, 1.3287
55, 57, 3.1331
55, 58, 3.0377
55, 59, 2.8552
55, 60, 4.8584
55, 61, 6.7047
55, 62, 7.2984
55, 63, 9.1299
55, 64, 11.8198
55, 65, 10.5350
55, 66, 6.8477
55, 67, 11.3584
55, 70, 8.3415
55, 73, 10.2068
55, 74, 7.9057
55, 75, 11.8533
55, 76, 11.6436
55, 77, 11.2419
55, 78, 9.1225
55, 79, 11.5707
55, 80, 10.5999
55, 81, 7.6575
55, 82, 6.4505
55, 83, 9.2259
55, 84, 10.7496
55, 85, 5.6015
55, 86, 9.0680
55, 87, 11.5477
55, 88, 11.3580
56, 57, 1.3279
56, 58, 3.3046
56, 59, 3.2645
56, 60, 2.8370
56, 61, 4.9304
56, 62, 6.7846
56, 63, 7.2586
56, 64, 10.7121
56, 65, 10.8122
56, 66, 7.4077
56, 67, 10.7471
56, 69, 11.3238
56, 70, 7.1390
56, 71, 10.0061
56, 72, 10.7911
56, 73, 7.1979
56, 74, 5.0558
56, 75, 8.6380
56, 76, 8.3533
56, 77, 7.6856
56, 78, 6.0585
56, 79, 8.2444
56, 80, 6.9538
56, 81, 4.0091
56, 82, 3.8327
56, 83, 6.3167
56, 84, 7.7267
56, 85, 3.7802
56, 86, 7.7757
56, 87, 10.4272
56, 88, 10.7027
57, 58, 1.3295
57, 59, 3.2708
57, 60, 3.3229
57, 61, 2.5821
57, 62, 5.1115
57, 63, 7.2362
57, 64, 10.0320
57, 65, 9.8121
57, 66, 7.6501
57, 67, 11.5847
57, 70, 8.7702
57, 71, 11.2058
57, 73, 8.5561
57, 74, 6.6192
57, 75, 9.6841
57, 76, 9.1194
57, 77, 9.1661
57, 78, 7.2270
57, 79, 9.7916
57, 80, 9.4969
57, 81, 5.1977
57, 82, 6.8177
57, 83, 9.4170
57, 84, 10.6769
57, 85, 5.6044
57, 86, 10.5131
58, 59, 1.3292
58, 60, 3.2723
58, 61, 3.1176
58, 62, 2.7154
58, 63, 5.3160
58, 64, 7.9637
58, 65, 5.0692
58, 66, 4.2622
58, 67, 9.3911
58, 70, 7.5606
58, 71, 11.3831
58, 73, 10.5669
58, 74, 7.2992
58, 75, 11.4165
58, 76, 11.4061
58, 77, 11.8356
58, 78, 9.9763
58, 81, 7.4684
58, 82, 9.3699
58, 83, 11.8798
58, 85, 7.2116
59, 60, 1.3201
59, 61, 3.1945
59, 62, 3.0225
59, 63, 3.1718
59, 64, 5.9037
59, 65, 6.3793
59, 66, 3.7734
59, 67, 6.6885
59, 68, 9.0234
59, 69, 8.4606
59, 70, 3.3973
59, 71, 8.2557
59, 72, 10.4687
59, 73, 8.3530
59, 74, 4.7660
59, 75, 9.5007
59, 76, 11.2150
59, 78, 11.4073
59, 80, 10.8715
59, 81, 7.7531
59, 82, 7.2881
59, 83, 9.2804
59, 84, 8.8047
59, 85, 4.0590
59, 86, 7.3410
59, 87, 9.7561
59, 88, 7.6779
59, 89, 10.6883
59, 91, 10.8700
60, 61, 1.3274
60, 62, 3.1860
60, 63, 3.0713
60, 64, 6.3892
60, 65, 8.3084
60, 66, 5.6019
60, 67, 8.0767
60, 68, 10.2676
60, 69, 8.9857
60, 70, 5.1831
60, 71, 6.7016
60, 72, 7.6663
60, 73, 4.6969
60, 74, 2.0234
60, 75, 5.5589
60, 76, 6.9432
60, 77, 8.3263
60, 78, 8.6912
60, 79, 10.4203
60, 80, 8.4733
60, 81, 4.2668
60, 82, 6.9334
60, 83, 9.2942
60, 84, 8.4475
60, 85, 3.8268
60, 86, 9.2620
60, 87, 11.3895
60, 88, 9.7597
61, 62, 1.3277
61, 63, 3.7256
61, 64, 5.9253
61, 65, 6.2589
61, 66, 6.4573
61, 67, 9.2303
61, 68, 11.3873
61, 69, 11.4742
61, 70, 7.3472
61, 71, 9.5098
61, 72, 11.3648
61, 73, 9.4260
61, 74, 5.5922
61, 75, 9.1354
61, 76, 10.9210
61, 78, 10.6668
61, 81, 6.8747
61, 82, 11.2387
61, 85, 7.7956
62, 63, 1.3261
62, 64, 3.1814
62, 65, 2.7802
62, 66, 3.2242
62, 67, 5.1424
62, 68, 7.9227
62, 69, 9.5273
62, 70, 6.0168
62, 71, 9.3218
62, 73, 11.1419
62, 74, 7.0148
62, 75, 11.0452
62, 81, 9.6888
62, 85, 9.1662
62, 88, 11.9195
62, 91, 9.7916
63, 64, 1.3324
63, 65, 3.0461
63, 66, 2.9393
63, 67, 2.9540
63, 68, 4.6932
63, 69, 5.8212
63, 70, 3.5409
63, 71, 3.3194
63, 72, 5.8479
63, 73, 6.4895
63, 74, 3.1052
63, 75, 5.9779
63, 76, 8.4695
63, 77, 11.6916
63, 81, 7.7212
63, 82, 11.4626
63, 84, 10.7643
63, 85, 7.6807
63, 88, 9.0167
63, 89, 11.2470
63, 90, 11.4689
63, 91, 6.8958
64, 65, 1.3283
64, 66, 3.4253
64, 67, 4.9693
64, 68, 6.5607
64, 69, 8.3314
64, 70, 6.7749
64, 71, 8.6183
64, 72, 11.3733
64, 74, 8.6587
64, 75, 11.7129
64, 85, 11.5048
64, 91, 7.8163
65, 66, 1.3292
65, 67, 4.2351
65, 68, 7.3225
65, 69, 9.5469
65, 70, 7.3743
65, 71, 10.7978
65, 74, 10.5048
65, 85, 11.6177
65, 91, 7.8768
66, 67, 1.3282
66, 68, 4.7228
66, 69, 6.6331
66, 70, 4.2108
66, 71, 9.4124
66, 73, 11.8440
66, 74, 8.2235
66, 81, 11.7992
66, 82, 11.8944
66, 84, 11.4783
66, 85, 7.1971
66, 86, 10.4989
66, 87, 11.9490
66, 88, 7.8380
66, 89, 8.6690
66, 90, 8.2128
66, 91, 4.6272
67, 68, 1.3288
67, 69, 3.2393
67, 70, 4.0507
67, 71, 5.6610
67, 72, 8.6090
67, 73, 9.6125
67, 74, 7.5013
67, 75, 11.2577
67, 84, 10.2672
67, 85, 8.0406
67, 86, 10.6920
67, 87, 9.9640
67, 88, 5.5227
67, 89, 5.2536
67, 90, 5.4318
67, 91, 3.1039
68, 69, 1.3285
68, 70, 3.4561
68, 71, 4.8102
68, 72, 6.8250
68, 73, 8.7351
68, 74, 8.9758
68, 75, 10.2052
68, 84, 11.3652
68, 85, 10.4353
68, 87, 11.6765
68, 88, 6.8051
68, 89, 7.5109
68, 90, 7.3844
68, 91, 3.0338
69, 70, 1.3302
69, 71, 3.5828
69, 72, 4.9577
69, 73, 5.4900
69, 74, 6.9621
69, 75, 9.0650
69, 76, 9.6024
69, 80, 11.3809
69, 81, 9.6217
69, 82, 11.0995
69, 83, 10.7091
69, 84, 6.9724
69, 85, 7.3253
69, 86, 9.2314
69, 87, 7.9090
69, 88, 3.4836
69, 89, 2.8173
69, 90, 2.8895
69, 91, 3.5257
70, 71, 1.3280
70, 72, 3.4634
70, 73, 3.2890
70, 74, 2.9845
70, 75, 5.0682
70, 76, 6.9819
70, 77, 10.3470
70, 78, 11.9367
70, 80, 9.6225
70, 81, 7.2397
70, 82, 8.2152
70, 83, 9.0993
70, 84, 6.2491
70, 85, 3.8746
70, 86, 6.6448
70, 87, 7.7028
70, 88, 4.1346
70, 89, 6.8464
70, 90, 8.5928
70, 91, 7.2955
71, 72, 1.3274
71, 73, 3.1054
71, 74, 3.1431
71, 75, 2.8442
71, 76, 5.5155
71, 77, 9.2186
71, 78, 11.4471
71, 80, 10.3838
71, 81, 7.9072
71, 82, 11.0617
71, 84, 7.9101
71, 85, 7.9105
71, 86, 11.1316
71, 87, 11.0944
71, 88, 6.9253
71, 89, 9.6415
71, 90, 11.3278
71, 91, 9.6693
72, 73, 1.3214
72, 74, 3.4682
72, 75, 3.7353
72, 76, 3.6762
72, 77, 7.1855
72, 78, 10.0663
72, 79, 11.2334
72, 80, 8.0535
72, 81, 7.5003
72, 82, 9.9869
72, 83, 10.2701
72, 84, 5.7305
72, 85, 7.8794
72, 86, 10.6495
72, 87, 9.3488
72, 88, 7.9295
72, 89, 8.9066
72, 91, 11.8140
73, 74, 1.3212
73, 75, 3.0035
73, 76, 3.1397
73, 77, 5.7069
73, 78, 7.2788
73, 79, 8.3634
73, 80, 5.5059
73, 81, 3.5988
73, 82, 6.1997
73, 83, 6.5974
73, 84, 2.0019
73, 85, 4.6723
73, 86, 7.2407
73, 87, 7.6530
73, 88, 6.6553
73, 89, 9.1145
74, 75, 1.3286
74, 76, 3.3667
74, 77, 6.5216
74, 78, 7.5588
74, 79, 9.8133
74, 80, 7.6881
74, 81, 3.4082
74, 82, 7.9264
74, 83, 9.5769
74, 84, 6.3883
74, 85, 4.5213
74, 86, 9.3303
74, 87, 10.8757
74, 88, 8.5155
74, 89, 11.5920
75, 76, 1.3305
75, 77, 3.9761
75, 78, 6.6155
75, 79, 8.9311
75, 80, 7.8381
75, 81, 4.8496
75, 82, 9.2289
75, 83, 11.1091
75, 84, 8.1005
75, 85, 7.9348
75, 86, 11.7998
75, 88, 11.0395
76, 77, 1.3429
76, 78, 3.6110
76, 79, 5.8457
76, 80, 3.9691
76, 81, 3.2183
76, 82, 7.1718
76, 83, 7.3378
76, 84, 4.1647
76, 85, 6.9813
76, 86, 9.4850
76, 87, 8.3848
76, 88, 9.9738
76, 89, 11.7455
77, 78, 1.3268
77, 79, 3.0613
77, 80, 2.9640
77, 81, 3.1547
77, 82, 5.9420
77, 83, 7.5998
77, 84, 7.5765
77, 85, 8.6703
77, 86, 11.1171
78, 79, 1.3267
78, 80, 3.1347
78, 81, 3.3054
78, 82, 4.5776
78, 83, 6.3669
78, 84, 7.7322
78, 85, 8.2176
78, 86, 10.4524
79, 80, 1.3290
79, 81, 3.6280
79, 82, 5.1986
79, 83, 5.0498
79, 84, 6.6790
79, 85, 8.8084
79, 86, 10.0117
79, 87, 10.7265
80, 81, 1.3281
80, 82, 3.5823
80, 83, 3.4754
80, 84, 2.9588
80, 85, 4.8997
80, 86, 6.7768
80, 87, 7.6696
80, 88, 9.2102
81, 82, 1.3327
81, 83, 3.2683
81, 84, 3.1393
81, 85, 2.8509
81, 86, 4.8501
81, 87, 6.8238
81, 88, 7.7635
81, 89, 10.8329
82, 83, 1.3277
82, 84, 3.2312
82, 85, 3.3114
82, 86, 2.9010
82, 87, 5.1519
82, 88, 7.0218
82, 89, 10.4828
83, 84, 1.3243
83, 85, 3.3812
83, 86, 3.2611
83, 87, 3.4245
83, 88, 5.6200
83, 89, 9.0866
83, 90, 11.9196
84, 85, 1.3286
84, 86, 3.0941
84, 87, 3.0960
84, 88, 3.2214
84, 89, 6.3170
84, 90, 9.4535
84, 91, 11.2009
85, 86, 1.3293
85, 87, 3.1276
85, 88, 3.0025
85, 89, 6.0702
85, 90, 8.0704
85, 91, 9.3877
86, 87, 1.3334
86, 88, 3.4430
86, 89, 6.6529
86, 90, 8.0782
86, 91, 10.6379
87, 88, 1.3266
87, 89, 3.4111
87, 90, 6.4004
87, 91, 9.2611
88, 89, 1.3300
88, 90, 3.7532
88, 91, 6.2970
89, 90, 1.3278
89, 91, 3.4453
90, 91, 1.3259
